%YAML:1.0
---
R: !!opencv-matrix
   rows: 3
   cols: 3
   dt: d
   data: [ 9.9999540104422602e-01, -6.4759987872487444e-04,
       -2.9628541635716558e-03, 6.5145421862239426e-04,
       9.9999894266351741e-01, 1.3001073987021754e-03,
       2.9620090814441225e-03, -1.3020315834097805e-03,
       9.9999476559427913e-01 ]
T: !!opencv-matrix
   rows: 3
   cols: 1
   dt: d
   data: [ -2.4469375673503468e+00, 4.4345145666929812e-03,
       -1.2052534093298904e-01 ]
R1: !!opencv-matrix
   rows: 3
   cols: 3
   dt: d
   data: [ 9.9892745631817115e-01, -2.5209411985776527e-03,
       4.6233990409452003e-02, 2.4912969610802358e-03,
       9.9999665256079229e-01, 6.9878942589713094e-04,
       -4.6235597251032649e-02, -5.8285734390776478e-04,
       9.9893039288238539e-01 ]
R2: !!opencv-matrix
   rows: 3
   cols: 3
   dt: d
   data: [ 9.9878751028521062e-01, -1.8100738745806858e-03,
       4.9195862944345331e-02, 1.8416173816367652e-03,
       9.9999812669506705e-01, -5.9586221255572048e-04,
       -4.9194692230868795e-02, 6.8573969205450245e-04,
       9.9878897271514999e-01 ]
P1: !!opencv-matrix
   rows: 3
   cols: 4
   dt: d
   data: [ 6.9354719296167934e+02, 0., 2.8097856521606445e+02, 0., 0.,
       6.9354719296167934e+02, 2.3595649147033691e+02, 0., 0., 0., 1.,
       0. ]
P2: !!opencv-matrix
   rows: 3
   cols: 4
   dt: d
   data: [ 6.9354719296167934e+02, 0., 2.8097856521606445e+02,
       -1.6991268550241523e+03, 0., 6.9354719296167934e+02,
       2.3595649147033691e+02, 0., 0., 0., 1., 0. ]
Q: !!opencv-matrix
   rows: 4
   cols: 4
   dt: d
   data: [ 1., 0., 0., -2.8097856521606445e+02, 0., 1., 0.,
       -2.3595649147033691e+02, 0., 0., 0., 6.9354719296167934e+02, 0.,
       0., 4.0817858355362219e-01, 0. ]
