%YAML:1.0
---
M1: !!opencv-matrix
   rows: 3
   cols: 3
   dt: d
   data: [ 7.5019932464240560e+02, 0., 3.1830728647203841e+02, 0.,
       7.5006614852475036e+02, 2.4059980088952258e+02, 0., 0., 1. ]
D1: !!opencv-matrix
   rows: 1
   cols: 14
   dt: d
   data: [ 3.8629117694726767e-02, -6.8991756939581395e-01, 0., 0., 0.,
       0., 0., -4.5847092843012902e+00, 0., 0., 0., 0., 0., 0. ]
M2: !!opencv-matrix
   rows: 3
   cols: 3
   dt: d
   data: [ 7.5019932464240560e+02, 0., 3.2550508887554747e+02, 0.,
       7.5006614852475036e+02, 2.3301534995311528e+02, 0., 0., 1. ]
D2: !!opencv-matrix
   rows: 1
   cols: 14
   dt: d
   data: [ -2.2888576504035765e-02, 6.1425140629775754e-01, 0., 0., 0.,
       0., 0., 3.3038143922512138e+00, 0., 0., 0., 0., 0., 0. ]
