%YAML:1.0
---
calibration_time: "二  2/28 14:27:34 2017"
nframes: 9
image_width: 1280
image_height: 720
board_width: 7
board_height: 7
square_size: 2.4000000208616257e-02
aspectRatio: 1.
flags: 2
camera_matrix: !!opencv-matrix
   rows: 3
   cols: 3
   dt: d
   data: [ 1.1492609126575626e+03, 0., 6.7162991779853348e+02, 0.,
       1.1492609126575626e+03, 3.4317419060878285e+02, 0., 0., 1. ]
distortion_coefficients: !!opencv-matrix
   rows: 5
   cols: 1
   dt: d
   data: [ 9.8823751118719508e-02, 2.7280664081101741e-01,
       3.9844652074845039e-03, 8.7384894676196933e-03,
       -3.5364952414590789e+00 ]
avg_reprojection_error: 5.9534950635710526e-01
per_view_reprojection_errors: !!opencv-matrix
   rows: 9
   cols: 1
   dt: f
   data: [ 5.57024181e-01, 4.77262944e-01, 5.07071078e-01,
       4.55577582e-01, 9.89784122e-01, 4.79810417e-01, 5.98104417e-01,
       5.47112107e-01, 5.65941989e-01 ]
extrinsic_parameters: !!opencv-matrix
   rows: 9
   cols: 6
   dt: d
   data: [ 2.7122450743549725e-01, 1.9610350770708670e-01,
       1.5146811001325917e+00, 4.0660373263735956e-02,
       -8.9161542785840597e-02, 4.6507917365498846e-01,
       1.9079286208241281e-01, -3.0511631340890966e-01,
       1.3686918914551536e+00, 3.5484761557936485e-02,
       -7.6955877791745161e-02, 4.6674133540575569e-01,
       2.4484981142225193e-01, -2.6908688410287245e-02,
       1.4738147986364958e+00, 3.2987186427042427e-03,
       -6.4149914702109970e-02, 4.3226101814080181e-01,
       -3.9712650230141984e-02, -2.1686545631235238e-01,
       1.1506000329923509e+00, 4.7060839838219499e-03,
       -8.5536925539280204e-02, 4.5186687583463342e-01,
       3.5474921926584968e-01, 7.0728833432497709e-02,
       1.3452195054501175e+00, 3.2350454035472910e-02,
       -8.5914940827355596e-02, 4.0272619695963752e-01,
       2.4570427676577744e-02, -3.1049655374350899e-01,
       1.3262132269689559e+00, 3.1656363939784257e-02,
       -8.4924570772467567e-02, 4.5169354700704689e-01,
       -2.4009310920441737e-01, -5.3518140149780002e-01,
       1.3379244919715241e+00, -1.6325486600219062e-02,
       -7.6934900959175323e-02, 4.5741100619851977e-01,
       2.8333519269557322e-02, -5.1472424387286397e-01,
       1.4112759334584575e+00, 3.1081637348183092e-03,
       -8.3207676573482145e-02, 4.4851474472858421e-01,
       -2.2518124834900399e-01, 9.7301136593963417e-02,
       1.3479321732390581e+00, 2.0478712720624685e-02,
       -9.0985452573082146e-02, 4.6248802371147812e-01 ]
