%YAML:1.0
---
calibration_time: "二  2/28 14:22:20 2017"
nframes: 9
image_width: 1280
image_height: 720
board_width: 7
board_height: 7
square_size: 2.4000000208616257e-02
aspectRatio: 1.
flags: 2
camera_matrix: !!opencv-matrix
   rows: 3
   cols: 3
   dt: d
   data: [ 1.1566622844383678e+03, 0., 7.2821362824901485e+02, 0.,
       1.1566622844383678e+03, 3.4994980338396158e+02, 0., 0., 1. ]
distortion_coefficients: !!opencv-matrix
   rows: 5
   cols: 1
   dt: d
   data: [ 4.0335669896643687e-02, 1.6918435147830171e+00,
       5.3493491229212953e-03, 3.5320498883626081e-02,
       -1.3349541853539431e+01 ]
avg_reprojection_error: 1.0640877242136459e+00
per_view_reprojection_errors: !!opencv-matrix
   rows: 9
   cols: 1
   dt: f
   data: [ 1.37004066e+00, 6.03814483e-01, 5.22732019e-01,
       5.88052034e-01, 2.41865659e+00, 5.57164788e-01, 5.85719347e-01,
       6.73807383e-01, 6.10304058e-01 ]
extrinsic_parameters: !!opencv-matrix
   rows: 9
   cols: 6
   dt: d
   data: [ 1.4194032396715342e-01, -4.6142733135830488e-01,
       1.3817734825296430e+00, 8.5778198515181744e-02,
       -8.7912228363192971e-02, 3.8332342415517306e-01,
       2.2910118012515990e-01, 1.4395253940900424e-01,
       1.5184113224880842e+00, 7.4933417413503484e-02,
       -8.7721799214408883e-02, 4.7244183363532433e-01,
       1.5058140479874677e-01, -3.5703618256515190e-01,
       1.3758861831443558e+00, 6.9937477540670645e-02,
       -7.5449309714145069e-02, 4.7421406458729393e-01,
       2.0889902182635739e-01, -8.6417913568292079e-02,
       1.4801819432846866e+00, 3.9775927064959055e-02,
       -6.2551624583913182e-02, 4.3653489292700393e-01,
       1.5717647277010574e-01, -5.4572606554219616e-01,
       -1.0145929270182392e-01, -1.0022790210889505e-01,
       -7.4953063069808340e-02, 3.5657941538922766e-01,
       -1.4779727778239656e-02, -3.6368456800940363e-01,
       1.3283407069907811e+00, 6.7017386395254605e-02,
       -8.3516893470180001e-02, 4.5893964353970251e-01,
       2.0789872272721466e-01, -2.1765757295905230e-01,
       2.3877128161435041e-01, -7.9298840131533085e-02,
       -7.6917337205735806e-02, 4.0260521020389689e-01,
       -2.7593938058252021e-01, -5.8116622727487210e-01,
       1.3356079495190518e+00, 1.8865467412363085e-02,
       -7.5496651208473889e-02, 4.6207347318864722e-01,
       -1.0946519197015121e-02, -5.6131445547525105e-01,
       1.4154713320154544e+00, 3.8700737751820966e-02,
       -8.1782094903407349e-02, 4.5380139292955790e-01 ]
