%YAML:1.0
---
calibration_time: "日  2/26 00:42:23 2017"
nframes: 9
image_width: 1280
image_height: 720
board_width: 7
board_height: 7
square_size: 2.3000000044703484e-02
aspectRatio: 1.
flags: 2
camera_matrix: !!opencv-matrix
   rows: 3
   cols: 3
   dt: d
   data: [ 1.1566621665931070e+03, 0., 7.2821359939912952e+02, 0.,
       1.1566621665931070e+03, 3.4994975096574791e+02, 0., 0., 1. ]
distortion_coefficients: !!opencv-matrix
   rows: 5
   cols: 1
   dt: d
   data: [ 4.0334291267820219e-02, 1.6918600331207341e+00,
       5.3493187115284625e-03, 3.5320498898777183e-02,
       -1.3349610276409573e+01 ]
avg_reprojection_error: 1.0640882570344543e+00
per_view_reprojection_errors: !!opencv-matrix
   rows: 9
   cols: 1
   dt: f
   data: [ 1.37004089e+00, 6.03812814e-01, 5.22727668e-01,
       5.88050723e-01, 2.41865993e+00, 5.57164133e-01, 5.85720360e-01,
       6.73808694e-01, 6.10303640e-01 ]
extrinsic_parameters: !!opencv-matrix
   rows: 9
   cols: 6
   dt: d
   data: [ 1.4194031002665444e-01, -4.6142727425854058e-01,
       1.3817734892858731e+00, 8.2204116167916952e-02,
       -8.4249201793533984e-02, 3.6735157096539583e-01,
       2.2910117668249341e-01, 1.4395258598917465e-01,
       1.5184113162517154e+00, 7.1811202692286635e-02,
       -8.4066703349638047e-02, 4.5275670318798944e-01,
       1.5058137678856148e-01, -3.5703613478918578e-01,
       1.3758861874036561e+00, 6.7023427283373266e-02,
       -7.2305567645261193e-02, 4.5445509262038697e-01,
       2.0889894371566101e-01, -8.6417888698021833e-02,
       1.4801819425043221e+00, 3.8118607528138358e-02,
       -5.9945288176350295e-02, 4.1834589310696740e-01,
       1.5717645623894844e-01, -5.4572605200950486e-01,
       -1.0145928272456638e-01, -9.6051730073788075e-02,
       -7.1830001757717366e-02, 3.4172189203943459e-01,
       -1.4779744911538105e-02, -3.6368452480637303e-01,
       1.3283407140390588e+00, 6.4225006344864416e-02,
       -8.0037002567409768e-02, 4.3981710734449653e-01,
       2.0789868887852844e-01, -2.1765761234799952e-01,
       2.3877128338701140e-01, -7.5994710582086705e-02,
       -7.3712429281413902e-02, 3.8582993837256219e-01,
       -2.7593939221717334e-01, -5.8116620300154087e-01,
       1.3356079642884244e+00, 1.8079417624561816e-02,
       -7.2350936792983656e-02, 4.4282035823887272e-01,
       -1.0946539410800066e-02, -5.6131443013847770e-01,
       1.4154713401184640e+00, 3.7088217902489354e-02,
       -7.8374487301337878e-02, 4.3489294823437269e-01 ]
