%YAML:1.0
---
calibration_time: "日  2/26 00:44:55 2017"
nframes: 9
image_width: 1280
image_height: 720
board_width: 7
board_height: 7
square_size: 2.3000000044703484e-02
aspectRatio: 1.
flags: 2
camera_matrix: !!opencv-matrix
   rows: 3
   cols: 3
   dt: d
   data: [ 1.1492607691023279e+03, 0., 6.7162995284654164e+02, 0.,
       1.1492607691023279e+03, 3.4317415331380045e+02, 0., 0., 1. ]
distortion_coefficients: !!opencv-matrix
   rows: 5
   cols: 1
   dt: d
   data: [ 9.8823065192198925e-02, 2.7280954508098981e-01,
       3.9844393703362792e-03, 8.7384777447865637e-03,
       -3.5365113691409760e+00 ]
avg_reprojection_error: 5.9534931516439593e-01
per_view_reprojection_errors: !!opencv-matrix
   rows: 9
   cols: 1
   dt: f
   data: [ 5.57024419e-01, 4.77262974e-01, 5.07071197e-01,
       4.55577463e-01, 9.89781559e-01, 4.79810655e-01, 5.98104298e-01,
       5.47111213e-01, 5.65945089e-01 ]
extrinsic_parameters: !!opencv-matrix
   rows: 9
   cols: 6
   dt: d
   data: [ 2.7122446152993657e-01, 1.9610349703637689e-01,
       1.5146810992062987e+00, 3.8966177466862477e-02,
       -8.5446463779913426e-02, 4.4570081568464104e-01,
       1.9079281087867725e-01, -3.0511631275375850e-01,
       1.3686919000759072e+00, 3.4006216340423737e-02,
       -7.3749368061665113e-02, 4.4729372143382556e-01,
       2.4484970746745743e-01, -2.6908720189750324e-02,
       1.4738148036048264e+00, 3.1612600593802897e-03,
       -6.1476988265854529e-02, 4.1425008928322071e-01,
       -3.9712692100909303e-02, -2.1686547230582287e-01,
       1.1506000364174365e+00, 4.5099842027468548e-03,
       -8.1972872430960117e-02, 4.3303903170595975e-01,
       3.5474917131400391e-01, 7.0728824247753175e-02,
       1.3452195082128613e+00, 3.1002506828237641e-02,
       -8.2335138699524746e-02, 3.8594588508359623e-01,
       2.4570390260965788e-02, -3.1049655460980474e-01,
       1.3262132334060646e+00, 3.0337335846730842e-02,
       -8.1386032455941434e-02, 4.3287292610199923e-01,
       -2.4009314526590680e-01, -5.3518144220735120e-01,
       1.3379244992447379e+00, -1.5645270157197418e-02,
       -7.3729265113425757e-02, 4.3835214959337232e-01,
       2.8333471637557683e-02, -5.1472427848126245e-01,
       1.4112759418519683e+00, 2.9786444720263355e-03,
       -7.9740675273629366e-02, 4.2982656919470719e-01,
       -2.2518126493637278e-01, 9.7301120424006696e-02,
       1.3479321690565378e+00, 1.9625419490126684e-02,
       -8.7194378148542820e-02, 4.4321763342090315e-01 ]
