%YAML:1.0
---
R: !!opencv-matrix
   rows: 3
   cols: 3
   dt: d
   data: [ 9.9998858818404723e-01, -1.3610034308397269e-04,
       4.7754558287886216e-03, 1.6245299633128906e-04,
       9.9998476032136896e-01, -5.5183995903173083e-03,
       -4.7746319962989588e-03, 5.5191124024650618e-03,
       9.9997337078923709e-01 ]
T: !!opencv-matrix
   rows: 3
   cols: 1
   dt: d
   data: [ -2.5416543209569964e+00, -3.8867063466104953e-03,
       -1.2132361603087253e-02 ]
R1: !!opencv-matrix
   rows: 3
   cols: 3
   dt: d
   data: [ 9.9995348402888029e-01, 1.4194068832458779e-03,
       9.5401814764507764e-03, -1.3930568786122252e-03,
       9.9999519855034613e-01, -2.7680803433076176e-03,
       -9.5440647020423978e-03, 2.7546615679333313e-03,
       9.9995066011709266e-01 ]
R2: !!opencv-matrix
   rows: 3
   cols: 3
   dt: d
   data: [ 9.9998743827723469e-01, 1.5291841580617237e-03,
       4.7733513954508339e-03, -1.5423595163178119e-03,
       9.9999500801205610e-01, 2.7577306051285687e-03,
       -4.7691104889846523e-03, -2.7650581872307491e-03,
       9.9998480490373709e-01 ]
P1: !!opencv-matrix
   rows: 3
   cols: 4
   dt: d
   data: [ -2.4925034553987769e+05, 0., 1.3717946973419189e+05, 0., 0.,
       -2.4925034553987769e+05, -2.5147352199554443e+04, 0., 0., 0., 1.,
       0. ]
P2: !!opencv-matrix
   rows: 3
   cols: 4
   dt: d
   data: [ -2.4925034553987769e+05, 0., 1.3717946973419189e+05,
       6.3351617579602241e+05, 0., -2.4925034553987769e+05,
       -2.5147352199554443e+04, 0., 0., 0., 1., 0. ]
Q: !!opencv-matrix
   rows: 4
   cols: 4
   dt: d
   data: [ 1., 0., 0., -1.3717946973419189e+05, 0., 1., 0.,
       2.5147352199554443e+04, 0., 0., 0., -2.4925034553987769e+05, 0.,
       0., 3.9343959169896647e-01, 0. ]
