%YAML:1.0
---
M1: !!opencv-matrix
   rows: 3
   cols: 3
   dt: d
   data: [ 1.1685154135960363e+03, 0., 6.4050808960636937e+02, 0.,
       1.1628901693374189e+03, 3.5956669049285068e+02, 0., 0., 1. ]
D1: !!opencv-matrix
   rows: 1
   cols: 14
   dt: d
   data: [ 3.8871935713376639e-02, 3.8573928738111968e-01, 0., 0., 0.,
       0., 0., 6.4765360107367553e-01, 0., 0., 0., 0., 0., 0. ]
M2: !!opencv-matrix
   rows: 3
   cols: 3
   dt: d
   data: [ 1.1685154135960363e+03, 0., 6.4328171820812679e+02, 0.,
       1.1628901693374189e+03, 3.5597886063135030e+02, 0., 0., 1. ]
D2: !!opencv-matrix
   rows: 1
   cols: 14
   dt: d
   data: [ 5.3684260709530217e-02, 1.7017974180065965e+00, 0., 0., 0.,
       0., 0., 1.3692115142680448e+01, 0., 0., 0., 0., 0., 0. ]
